56 111551 11515111.

Hispania 6, 30. 16, 33; 34. 17,ος Lacedaemon 5, 34. 51. 5, 23.

22. 22, 1ος 20. 20, 2 ; 5. 30, 3.

Homerus 0, 35.

Horatii 10,Ι 7.

Horatius 055155 10, 11.
Hyades 4, 7.
*Hydarnes 23, 30.
Hydaspes 5, 20.

- Hymettos 3, 1. 5, 22.
Hyperion 10, 1.

laniculus 20, 34. 20, 30. 20, 2.
Iapygiam promontorium 4, 31.
Iberus 0, 1.

Iearinm 515157, 1.

1551155 2, 313 38. 3, 6. 7, 2. 0, 4.

111515 8, 15. 13, 25.

Illyriai 5, 10. 30, 33. 51. 0, l.
15551555, 30. cf.,*81.
Indi5,12. 154. 25, 28. 30, 34.
lndia’t, 24. 5,21;20. 11,18.·
Iudiou's Oceanus 30, 20.
1511555, 28.

. .*15155115155523, 30.
Intercatia 20, 7.

Ionium mare6, 153 ’.35
*15555105

151152, 30.

15115 Ammon 1, 27. ei. 15, 8.
1511515155 14, 17.

15555151. ,

151515, 30.

*1515155031

11511517

Lacedaemonii *11, 0. 12, 1ος 223 32.
13, s. 1555515. 1515. aaa.

, Ladon 5, 35.

15158, 0. ι
Laodicia 24, 8.

151 Tolumnius 10, 32.
151151 27, 20. 51. 10, 17.
Latona 10, 13; 10.

Lemnos 0, 14.

155 2, 21. 4,19.

Leonidas 12, 31. .
Lepidus 18, 21. 27, 5.
Lernaea hydra 2, 16.
Lesbos 0, 0.

*155551515 0, 30.

Leucas 7, 25.

1155555 5, 21. *11, 3.
111511, 24;27. 2, 32. 3, 4.
Libra 3, 8; 13. 4, 20.

’155551 5,5;,11. aa. 1511.

11,13.
Libycum mare 7, 0.
Ligures 0, 31.
Liparae 25, 35. 20, 24.
Liternum 22, 22. 20, 28.
Livius Drusus 18, 17. 21, 16.
1555515 2225. 20,12.
155515551511155531, 17.
15515115 22, 20.
samanaeos ao, aa.
Luna4,11.
Lusitania 30, 20. ·
Lutatius Catulus 18, 21. 20μο 21,

1151155, 25; 20 6,31 32; 34. 14, 10. 6. 28, 25. 20, 24.

1022. 22,22. 23,11.2,011.
1115115121, 10.
1111555015.
· 1555 20 10; 10.
Iugurtha 26 13. 30, 24.

*115115 14
Lyeurgus 12, 21.
QQ5‚Q
Lysander 13, 1

15552, 15· 21, 27. 8,1;25.0,37.11555155555,10.11,1014,30;31.

161.

15 20 178. 28⁹2& 32, 34. tt),

155511512,;24;0;8; 30. 3,;.417 15. 01151031624425211'
4,.12 7,2;2 24. 3,.3 0,8;24; Μ555155155,22.143515111131

26328366337. 10,3·1;3 153163 263 28. 17,.2 22,15.
27; 32, 37. 11, 4, 12 (51. 15115.) 1155115551, 2.

1115111152, 20.

1155551515,32.

 

