muux ioumvu. 37

1121,27. · Minerva 7, 35. 8, 10. 10,12;24. 12,
lus 5, 24. 37. ’
111837. Minotaurus 13, 24.

25, 34. 26, 4. Μ1111111111128,5. ’

,0, 9. Mithridates 17, 27. 23, 5. 24,1. 25,
11111129, 19. 7.· 28, 10. 30, 25127. 11114.
111124, 18 *Mochos 3, 10.

us 30, 7. 1101111515. ctum. Ι

1129, 22, Molorchus 2, 24.
1101ρὶῑο111111121,31. , Mucius 0111111119, 10.

11 Torquatus 16, 9. 20, 3. Mummius 111111111120, 14. 30, 21.
111112, 11. ci. 13, 35. Musae 3, 19; 20.

11112225. 30,1. · *Μ111111Β1111111111111111112825.
ts 15, 18. ’ Myconos 6,11.

nius 12, 34. Myrtilus 7, 1.

1 17, 10. 21,14. 27, 5; 30; 33. Myrtoum marc 8, 37.

3; 4; 73 12. 30, 23. cf. 27, 32.

111111112812. 101111111115, 19.

1, 12. 9, 34; 35; 36. 10, 23. Ν111016, 12. 14, 24.

pas 7, 33. 1111111222.

11126, ll. Neptunus 2, 4.

1131, 27. Nicomedes 25, 14.

5,18. Ν111115,9. 6, 3. 9, 20; 26. 10, 1161
1111126, 15. 26; 38.

7, *20; *31. 10, 4. Ninus 11, 12; 14;17; 18.

1, 13. 11,4;8;26. 23,0., 1111111030.

11, 30, ’ 1111130, 1.

¹byzus 23, 31. Numa Pompilius 15, 34.
110, 7. Numantia 16, 32. 20, 20. 30, lu.

10,33. , Νιι11110115,18.17,16.30,24.

6, 12. Numidia 6, 2. 17,11. 26,8; 13.

m 9, 15. *Nymphaeus mons 7, 11.

piris 23,12.

uius Agrippa 18, 3. Oceanus 5, 27. 6, 7120. 10, 22. 15, o
111618. ’ 9. 17,29;32. 30, 32. ci. 1,11.
11111412. 10, 7. ci. 14, 5. 30, 29.

12, 6. Octavius 28, 6. 1128, 8.

rium beilum 12, 24; 26; 28.- *Oobores 23, 34.

1111635. 0111ο111111127,29. 29,10. -

,us Meteilus 19, 27. *01111016 11.

11 Creticus 20, 15. Olympia 8. 2. ci. 9, 8; 26.

11 Macedonicus 11, 7. 28, 30. Olympius 14, 35.

5, 30. Olympus 5, 21.

11 Numidicus 17, 11. Opimius 18, 14. 20, 9. 21, 10.

11 Pius 17, 14. ᾖ Ops 9, 33. 10, 17. =
110111112620. Orestes 7, 35.

ios *12, 11. 13, 33. “ 01111113,14. 4,6.

 

