iuoux Nouiuvu.

111,10. 11517-30, 39-50, Serranus 16, 12.
4, 25, 3; 4; 14; 16; 27. 811111111117,20.
is 15, 34. 19, 31. 22, 6. 26, ’ Servilius Isauricus 20, 14.
56. 31, 15. Servius Tullius 15, 37. 31, 18.
8, 29. Sestos 7, 5.
imare 6, 23. 17, 29. 30, 29. Sibylla 8, 36.
, - Sicilia 5. 25. 6, 5; 34. 10, 7. 14,15.
22, 6. 26, 24. *24, 28. 27, 6. 20, 20. cl. 19, 14.
rius 28, 13. Siculum marc 0, 173 34. 29, 22.
rius 3, 18. 4. 21. Sicyon 7, 28. -
111111. 1111. 11111111.
ι16,14. · Silenus 10, 13.
is Crispus 18, 26. 21, 2. Simois 5, 33.
11 10. 15; 19; 22. 19, 25.. 22,· Sipylus 8, 38.
. 19,17. 8111111123,7;9;15;24;27;28;32,
3, 24. 811 4, 11, 9, 6; 30137. 16, 28.
acuo, 14. 15, 20. ol. 2, 0. Spania 5, 27. 6, 2. 11. 5, 17. ’
7, 25. Sparta 12, 21.
15111111 11, 22; 28. Spartacus 27, 29. 29, 9.
a 15, 6. 85111111115, 31.
16, 6. 29, 21. Sporades 6, 13.
te 5, 15. ,30, 35. Spurius 21, 30. s
,11311131 ’ 8511111911111111111119,24.
14, 11. 9, 33. 10, 6. Stoechades 6, 17.
t, 36. Strophades 6, 15.
11111820. Strymon 5, 31. .
ι 18, 29. Suculae 4, 8.
1111112222. 29, 20. Sulla 17, 18; 20. 18, 22. 24, 10. 27,
. Scipio lll. Africanus maior 413ος 33; 35. 28, 43 10. 30, 25.
l. 20,13; 19. 26, 9. 20, 20. Sulpicius consul 1111.
t, 17. Ι Sulpicius tr. pl. 27,3;85.
temilianus Numantinus minor Sulpicius Stolo 21, 2.
l. 20,13; 20. 24, 18. 30, 7. 81111156.
l, 17³ Syphax 20, 9, ‚
laiaticus 18, 7. 20,13; 21. Syracusae 14,16.
18. Syri 5, 14. 11. 28, 22.
lasica 18, 31. 20, 22. 21, 7. 851115, 211 33. 10, 24. 24:14. 25,
6, 17, cl. *30, 20. 9. 30, 18.
13, 13. 4, 20, . Syrtes 6, 18. 7, 7.
5, 15. 37, 3. 11, 34. 36, 35. Syrticam 111117, 7.
521: 0.
124, 8. 31, 27. Τ111115,9; 30.
s 24, 4. Tanaiticum 111117,5.
10, 36. Taprobane 6, 8.
uis 9, 18. 11, 16. Tarentini 22, 11. 29, 18. 11. 29, 5.
16, 13. 10, 19. 29, 3. Tarpeium 11111121, 33. 11. 20, 24.
12. Tarquinii 10, 8. 26, 31.

 

